%YAML:1.0
---
calibration_time: "Thu Jun 13 09:09:38 2019"
nframes: 10
image_width: 1280
image_height: 720
board_width: 11
board_height: 8
square_size: 2.5000000372529030e-02
aspectRatio: 1.
flags: 2
camera_matrix: !!opencv-matrix
   rows: 3
   cols: 3
   dt: d
   data: [ 9.7865195984740990e+02, 0., 6.4998593300498794e+02, 0.,
       9.7865195984740990e+02, 3.2936503380873893e+02, 0., 0., 1. ]
distortion_coefficients: !!opencv-matrix
   rows: 5
   cols: 1
   dt: d
   data: [ 3.1567040368338774e-02, -1.4541298171358045e-02,
       -5.2877459541240282e-05, -8.7685101423429354e-04,
       -2.8043957371763580e-02 ]
avg_reprojection_error: 6.5278799506401863e-01
per_view_reprojection_errors: !!opencv-matrix
   rows: 10
   cols: 1
   dt: f
   data: [ 6.52374268e-01, 6.96486294e-01, 6.61235332e-01,
       4.20957327e-01, 5.84791780e-01, 1.05089128e+00, 5.51377654e-01,
       5.29730439e-01, 5.37044346e-01, 6.45597994e-01 ]
extrinsic_parameters: !!opencv-matrix
   rows: 10
   cols: 6
   dt: d
   data: [ -2.5413567805972853e-01, 6.0309151850005543e-02,
       5.7070198675986193e-02, -1.0515191617646062e-01,
       -1.0519382862115274e-01, 4.9668914416444881e-01,
       -2.2543087450439794e-01, 5.8799588169338737e-02,
       5.7571511342031818e-02, -1.0554054305513212e-01,
       -1.1050650395928127e-01, 4.9065415913133620e-01,
       -4.0602115852921075e-02, 9.5349080682816667e-02,
       3.5426017942445970e-01, -5.7227709815041099e-02,
       -8.1791912492965788e-02, 5.2445452541322579e-01,
       4.2217121715990256e-02, 1.1891455617531003e-01,
       2.5850223144147966e-01, -6.1562148651955279e-02,
       -1.1219218387010629e-01, 5.3611397193038124e-01,
       2.0325122313966437e-01, 1.5051957239164085e-01,
       1.6944676943682024e-01, -6.8056664521356267e-02,
       -1.2340119766159371e-01, 5.4445521278774811e-01,
       7.3283395717913896e-02, -2.8440774620829085e-01,
       1.3086064502127202e+00, -3.6477102674984940e-03,
       -9.2716707251783631e-02, 6.1282131358947545e-01,
       -3.0522682625068071e-01, 4.0362661930883237e-01,
       4.4203243620732785e-01, 5.6276057538769866e-02,
       -1.1138263102000567e-01, 5.6133722073416337e-01,
       -3.3180395579835620e-01, 3.7809884782108855e-01,
       3.5666145717837888e-01, 1.0352821222622673e-04,
       -8.1571454763239210e-02, 5.7056426382970937e-01,
       -2.9374348091720537e-01, 3.0967956118560047e-01,
       4.4369891351030144e-01, -4.5151293591334941e-02,
       -1.1237362618835599e-01, 5.6596311674932420e-01,
       -2.6580907517499230e-01, 2.3839748594784893e-01,
       5.9911674012687399e-01, -6.7288342818609556e-02,
       -1.5564409131251258e-01, 5.5354374189971989e-01 ]
image_points: !!opencv-matrix
   rows: 10
   cols: 88
   dt: "2f"
   data: [ 4.42524475e+02, 1.22308655e+02, 4.91624115e+02,
       1.22673355e+02, 5.40088257e+02, 1.25691986e+02, 5.89073547e+02,
       1.26739960e+02, 6.39464233e+02, 1.28922546e+02, 6.88203491e+02,
       1.30702179e+02, 7.39369934e+02, 1.31630692e+02, 7.90411072e+02,
       1.34334991e+02, 8.40758179e+02, 1.34801590e+02, 8.92128601e+02,
       1.37920197e+02, 9.44176331e+02, 1.38794922e+02, 4.35564606e+02,
       1.66780685e+02, 4.85819122e+02, 1.69748276e+02, 5.35335754e+02,
       1.70804001e+02, 5.85531860e+02, 1.73667572e+02, 6.35208191e+02,
       1.74864822e+02, 6.86725464e+02, 1.77728180e+02, 7.36648499e+02,
       1.78705750e+02, 7.88181702e+02, 1.81495193e+02, 8.39849426e+02,
       1.82697678e+02, 8.92210327e+02, 1.85260284e+02, 9.44827393e+02,
       1.86624298e+02, 4.30995331e+02, 2.14566589e+02, 4.79652496e+02,
       2.15227753e+02, 5.31283203e+02, 2.18519928e+02, 5.80998718e+02,
       2.20171036e+02, 6.31741821e+02, 2.22551300e+02, 6.83500854e+02,
       2.25340668e+02, 7.35117249e+02, 2.26853989e+02, 7.86854187e+02,
       2.29752594e+02, 8.39380737e+02, 2.30884262e+02, 8.91714966e+02,
       2.34107666e+02, 9.45443115e+02, 2.34827454e+02, 4.23588257e+02,
       2.62567169e+02, 4.75159576e+02, 2.64428528e+02, 5.26513367e+02,
       2.66552216e+02, 5.77006531e+02, 2.69539978e+02, 6.27888550e+02,
       2.70870728e+02, 6.80233337e+02, 2.74374054e+02, 7.32097229e+02,
       2.75339203e+02, 7.85650146e+02, 2.78456940e+02, 8.38399658e+02,
       2.81628876e+02, 8.91648743e+02, 2.82813324e+02, 9.46156311e+02,
       2.86205841e+02, 4.18652466e+02, 3.10725708e+02, 4.69204529e+02,
       3.14401215e+02, 5.20737061e+02, 3.16700958e+02, 5.72099182e+02,
       3.18771790e+02, 6.24951111e+02, 3.22400879e+02, 6.77701904e+02,
       3.23261780e+02, 7.30884583e+02, 3.26835693e+02, 7.83565369e+02,
       3.29909485e+02, 8.37854065e+02, 3.31217896e+02, 8.91600037e+02,
       3.34606445e+02, 9.46691528e+02, 3.37621338e+02, 4.11152740e+02,
       3.62466644e+02, 4.63660950e+02, 3.65244659e+02, 5.15358582e+02,
       3.67015015e+02, 5.67866272e+02, 3.70348633e+02, 6.20848450e+02,
       3.73682159e+02, 6.74969910e+02, 3.74806671e+02, 7.27901978e+02,
       3.78578674e+02, 7.82435730e+02, 3.82322815e+02, 8.36310852e+02,
       3.83233917e+02, 8.91279846e+02, 3.86971619e+02, 9.47440125e+02,
       3.90347626e+02, 4.04785645e+02, 4.14489716e+02, 4.57347198e+02,
       4.17750244e+02, 5.11127136e+02, 4.19284088e+02, 5.63780212e+02,
       4.22666687e+02, 6.17768921e+02, 4.26338318e+02, 6.71278198e+02,
       4.29490356e+02, 7.25722839e+02, 4.31280640e+02, 7.80216614e+02,
       4.34625763e+02, 8.35597534e+02, 4.38510345e+02, 8.91558655e+02,
       4.42157166e+02, 9.47682434e+02, 4.44264526e+02, 3.98210449e+02,
       4.67103058e+02, 4.51463989e+02, 4.70732086e+02, 5.04531250e+02,
       4.74408417e+02, 5.59325684e+02, 4.77769287e+02, 6.13466309e+02,
       4.79600525e+02, 6.67778931e+02, 4.82833221e+02, 7.23444885e+02,
       4.86704742e+02, 7.79368408e+02, 4.90619568e+02, 8.35115845e+02,
       4.94367279e+02, 8.91587769e+02, 4.97741852e+02, 9.48393799e+02,
       5.00065308e+02, 4.39079590e+02, 1.07646538e+02, 4.87265381e+02,
       1.10559883e+02, 5.38244019e+02, 1.11841484e+02, 5.87143616e+02,
       1.14451645e+02, 6.38420715e+02, 1.15514778e+02, 6.87622986e+02,
       1.18450684e+02, 7.39378235e+02, 1.18854187e+02, 7.91378601e+02,
       1.22055405e+02, 8.42904663e+02, 1.22829735e+02, 8.94661865e+02,
       1.25757446e+02, 9.47274475e+02, 1.26761063e+02, 4.32952545e+02,
       1.54712570e+02, 4.83629883e+02, 1.57675812e+02, 5.33468384e+02,
       1.58707291e+02, 5.84060059e+02, 1.62161240e+02, 6.35221863e+02,
       1.62668411e+02, 6.86325989e+02, 1.65931900e+02, 7.36856873e+02,
       1.66839874e+02, 7.89087952e+02, 1.70216217e+02, 8.41206238e+02,
       1.70806961e+02, 8.94588745e+02, 1.74090973e+02, 9.47268982e+02,
       1.74846863e+02, 4.27473358e+02, 2.02825653e+02, 4.78756592e+02,
       2.05546432e+02, 5.28703979e+02, 2.06778992e+02, 5.79394165e+02,
       2.10147842e+02, 6.31215942e+02, 2.11091492e+02, 6.83255493e+02,
       2.14445129e+02, 7.34860229e+02, 2.15630249e+02, 7.87510620e+02,
       2.18540375e+02, 8.39868652e+02, 2.20823715e+02, 8.93767761e+02,
       2.22730072e+02, 9.47512451e+02, 2.25658890e+02, 4.22092773e+02,
       2.50846039e+02, 4.72556091e+02, 2.54351990e+02, 5.23313721e+02,
       2.56254150e+02, 5.75486328e+02, 2.58799286e+02, 6.27403809e+02,
       2.62130310e+02, 6.79313171e+02, 2.63027618e+02, 7.31764587e+02,
       2.66494751e+02, 7.85818604e+02, 2.68589172e+02, 8.39244873e+02,
       2.70734497e+02, 8.92958069e+02, 2.74205566e+02, 9.47468567e+02,
       2.74990021e+02, 4.15462006e+02, 3.02337616e+02, 4.67330963e+02,
       3.03659821e+02, 5.19322754e+02, 3.06748596e+02, 5.71410400e+02,
       3.10356201e+02, 6.23500610e+02, 3.11679413e+02, 6.76568298e+02,
       3.14640045e+02, 7.30561768e+02, 3.18037842e+02, 7.83568665e+02,
       3.18970581e+02, 8.38185486e+02, 3.22633484e+02, 8.92391235e+02,
       3.25907990e+02, 9.47370239e+02, 3.27273621e+02, 4.09088287e+02,
       3.53567017e+02, 4.62212616e+02, 3.54899323e+02, 5.15191772e+02,
       3.58419800e+02, 5.67516785e+02, 3.61849884e+02, 6.19764160e+02,
