%YAML:1.0
---
calibration_time: "Fri Oct 11 11:07:37 2019"
nframes: 10
image_width: 1280
image_height: 720
board_width: 11
board_height: 8
square_size: 2.5000000372529030e-02
aspectRatio: 1.
flags: 2
camera_matrix: !!opencv-matrix
   rows: 3
   cols: 3
   dt: d
   data: [ 9.7592829388534460e+02, 0., 6.1677764780066286e+02, 0.,
       9.7592829388534460e+02, 3.6397288429179326e+02, 0., 0., 1. ]
distortion_coefficients: !!opencv-matrix
   rows: 5
   cols: 1
   dt: d
   data: [ 6.4564244661678802e-02, -2.1369719534062223e-01,
       8.6937725309150138e-04, -9.6479648081852385e-04,
       2.6693739589414073e-01 ]
avg_reprojection_error: 8.3045681121928538e-01
per_view_reprojection_errors: !!opencv-matrix
   rows: 10
   cols: 1
   dt: f
   data: [ 1.31993580e+00, 1.13118935e+00, 1.20634818e+00,
       6.03715837e-01, 7.06305742e-01, 4.77593809e-01, 4.26083982e-01,
       6.23028278e-01, 5.41818678e-01, 6.81743085e-01 ]
extrinsic_parameters: !!opencv-matrix
   rows: 10
   cols: 6
   dt: d
   data: [ 1.3930623151904969e-01, 6.6166927353834504e-01,
       3.0668333609102243e+00, 1.6823397424046649e-01,
       7.5891167801842865e-02, 4.3732525314797199e-01,
       -1.0892578039038966e-01, -6.6254402751522368e-01,
       -3.0464356939808779e+00, 1.5211751801354600e-01,
       7.9360356017651970e-02, 4.3976478794175428e-01,
       -8.4893379995309340e-02, -6.3250359768258468e-01,
       -2.9265798918554071e+00, 1.3273440694382996e-01,
       9.4515019814719950e-02, 4.4287159534948345e-01,
       3.9088846325480742e-01, 4.4067066145618256e-01,
       3.0206309584705577e+00, 3.0570130836918091e-01,
       7.4080958725657384e-02, 5.0557832086231391e-01,
       8.8649625314671007e-02, 2.5612931206355816e-01,
       -3.0264065820519206e+00, 1.5606086607051775e-01,
       1.4636244562435223e-02, 6.4478159081520714e-01,
       1.4601778947647684e-01, 2.7372220828731542e-01,
       -2.9410373927885973e+00, 1.5551173462693588e-01,
       1.0034786457345443e-01, 6.4398893929431844e-01,
       9.6155854597550119e-02, 2.7037090307356493e-01,
       -2.9275505467495773e+00, 1.8423434220150189e-01,
       1.2899502485996253e-01, 6.2455785412374032e-01,
       4.0052862627222308e-01, -7.4844622636493385e-02,
       3.0625701376773380e+00, 2.1659841177164940e-01,
       8.7796948679493517e-02, 5.3069702703608501e-01,
       6.2029393154186963e-01, 5.2723747734732526e-02,
       2.8117891096727115e+00, 2.0018344554277229e-01,
       3.3739213910136984e-02, 4.8757532824071648e-01,
       -1.6237487511222973e-01, -2.2422206633802971e-01,
       -3.0363343065941275e+00, 1.2748199043586489e-01,
       7.2928792105972959e-02, 5.3552385940145297e-01 ]
image_points: !!opencv-matrix
   rows: 10
   cols: 88
   dt: "2f"
   data: [ 9.94629456e+02, 5.34557434e+02, 9.36142822e+02,
       5.34752441e+02, 8.79303650e+02, 5.34601685e+02, 8.23068665e+02,
       5.34571228e+02, 7.67325012e+02, 5.34677185e+02, 7.11930664e+02,
       5.34801697e+02, 6.58026062e+02, 5.34925537e+02, 6.03451782e+02,
       5.34956116e+02, 5.50567627e+02, 5.34998718e+02, 4.95832031e+02,
       5.34933167e+02, 4.44461823e+02, 5.36354614e+02, 9.86080566e+02,
       4.80062012e+02, 9.30656250e+02, 4.81745636e+02, 8.74454712e+02,
       4.81885132e+02, 8.19474731e+02, 4.82329803e+02, 7.64376709e+02,
       4.82518158e+02, 7.11111145e+02, 4.82707611e+02, 6.57853943e+02,
       4.82795410e+02, 6.04933899e+02, 4.83063416e+02, 5.52459900e+02,
       4.83150085e+02, 5.00766510e+02, 4.85250366e+02, 4.49688782e+02,
       4.86005310e+02, 9.79600281e+02, 4.29728149e+02, 9.23728088e+02,
       4.30323456e+02, 8.69112915e+02, 4.30555145e+02, 8.15565674e+02,
       4.30764801e+02, 7.62723816e+02, 4.31182098e+02, 7.10047607e+02,
       4.32465027e+02, 6.57596985e+02, 4.33795044e+02, 6.06565186e+02,
       4.34420013e+02, 5.55400085e+02, 4.34705444e+02, 5.03718353e+02,
       4.34918121e+02, 4.55713135e+02, 4.34244385e+02, 9.71535583e+02,
       3.79007019e+02, 9.18382813e+02, 3.81239105e+02, 8.64461304e+02,
       3.82361694e+02, 8.11810181e+02, 3.82759064e+02, 7.59671082e+02,
       3.82969666e+02, 7.08408142e+02, 3.84730438e+02, 6.58244629e+02,
       3.85973022e+02, 6.07492493e+02, 3.86587952e+02, 5.57047729e+02,
       3.86761230e+02, 5.07753845e+02, 3.87479675e+02, 4.58067383e+02,
       3.89244934e+02, 9.64618774e+02, 3.33134674e+02, 9.11915588e+02,
       3.34527771e+02, 8.59851990e+02, 3.34784729e+02, 8.08852051e+02,
       3.35585297e+02, 7.58349426e+02, 3.38178772e+02, 7.07410950e+02,
       3.38676819e+02, 6.58132935e+02, 3.39073761e+02, 6.07988342e+02,
       3.40739410e+02, 5.59622437e+02, 3.42443298e+02, 5.11164642e+02,
       3.42695099e+02, 4.52334564e+02, 3.45819916e+02, 9.58681152e+02,
       2.86621399e+02, 9.07389038e+02, 2.89680634e+02, 8.55712769e+02,
       2.90655609e+02, 8.05814758e+02, 2.90974304e+02, 7.55499390e+02,
       2.93814240e+02, 7.07191711e+02, 2.94749084e+02, 6.58575928e+02,
       2.94819305e+02, 6.09492859e+02, 2.97858093e+02, 5.60910583e+02,
       2.98555115e+02, 5.14188843e+02, 2.98777740e+02, 4.67145325e+02,
       3.00959991e+02, 9.51712219e+02, 2.43895004e+02, 9.02002136e+02,
       2.46496277e+02, 8.51744751e+02, 2.46841446e+02, 8.02842773e+02,
       2.49850555e+02, 7.54581848e+02, 2.50729553e+02, 7.06379211e+02,
       2.51574265e+02, 6.58368530e+02, 2.54494598e+02, 6.11077271e+02,
       2.54895859e+02, 5.63503235e+02, 2.56769135e+02, 5.15892212e+02,
       2.58343750e+02, 4.70860748e+02, 2.58884766e+02, 9.46604248e+02,
       2.02632645e+02, 8.96699951e+02, 2.04951584e+02, 8.48039490e+02,
       2.06550903e+02, 7.99685120e+02, 2.07757401e+02, 7.51589050e+02,
       2.10455124e+02, 7.04039612e+02, 2.10801544e+02, 6.58315369e+02,
       2.13614853e+02, 6.11555420e+02, 2.14744720e+02, 5.64658020e+02,
       2.16030930e+02, 5.19588257e+02, 2.18411407e+02, 4.74882782e+02,
       2.18664536e+02, 9.55804993e+02, 5.42339661e+02, 8.98752869e+02,
       5.39455322e+02, 8.42983704e+02, 5.38711365e+02, 7.86812561e+02,
       5.38130371e+02, 7.31243835e+02, 5.36110291e+02, 6.76182190e+02,
       5.34706238e+02, 6.22386292e+02, 5.34428467e+02, 5.67942871e+02,
       5.33767517e+02, 5.14880066e+02, 5.31092896e+02, 4.63441406e+02,
       5.29718079e+02, 4.08160980e+02, 5.30400757e+02, 9.49993164e+02,
       4.87137543e+02, 8.94917236e+02, 4.86661835e+02, 8.39063416e+02,
       4.86190063e+02, 7.84307434e+02, 4.84824341e+02, 7.30595215e+02,
       4.83087311e+02, 6.76931396e+02, 4.82701935e+02, 6.23487732e+02,
       4.82466003e+02, 5.71539246e+02, 4.82058655e+02, 5.19235107e+02,
       4.79545715e+02, 4.67244324e+02, 4.79063477e+02, 4.15359161e+02,
       4.78609802e+02, 9.43803955e+02, 4.36015961e+02, 8.89770813e+02,
       4.35097931e+02, 8.35702271e+02, 4.34694733e+02, 7.83049072e+02,
       4.34456421e+02, 7.30483704e+02, 4.34380615e+02, 6.77813782e+02,
       4.33255096e+02, 6.26005127e+02, 4.31761780e+02, 5.74756226e+02,
       4.30775482e+02, 5.23296021e+02, 4.30777466e+02, 4.71760193e+02,
       4.30332092e+02, 4.21617523e+02, 4.29980316e+02, 9.38949158e+02,
       3.86910919e+02, 8.86287354e+02, 3.86757202e+02, 8.33075684e+02,
       3.86608887e+02, 7.81000977e+02, 3.86368073e+02, 7.29445862e+02,
       3.85890533e+02, 6.78644836e+02, 3.85798065e+02, 6.27248657e+02,
       3.84278473e+02, 5.76936890e+02, 3.83557465e+02, 5.27335754e+02,
       3.82737396e+02, 4.77073364e+02, 3.82731445e+02, 4.30619751e+02,
       3.82829102e+02, 9.34206116e+02, 3.40678802e+02, 8.81855469e+02,
       3.40031342e+02, 8.30825195e+02, 3.39453827e+02, 7.79349915e+02,
       3.39099121e+02, 7.28638855e+02, 3.38982758e+02, 6.78887817e+02,
       3.38743530e+02, 6.28738770e+02, 3.38687531e+02, 5.79312378e+02,
       3.38642059e+02, 5.31111633e+02, 3.38591858e+02, 4.82139130e+02,
       3.38284729e+02, 4.26037140e+02, 3.40639008e+02, 9.28607971e+02,
       2.95193207e+02, 8.78632996e+02, 2.94972046e+02, 8.27372742e+02,
       2.95053162e+02, 7.78476074e+02, 2.94918640e+02, 7.27870605e+02,
